0.000000 1.000000 0.000000
0.010000 1.000000 -0.020000
0.020000 0.999800 -0.039400
0.030000 0.999406 -0.058214
0.040000 0.998824 -0.076456
0.050000 0.998059 -0.094139
0.060000 0.997118 -0.111276
0.070000 0.996005 -0.127880
0.080000 0.994726 -0.143963
0.090000 0.993287 -0.159539
0.100000 0.991691 -0.174619
0.110000 0.989945 -0.189214
0.120000 0.988053 -0.203336
0.130000 0.986020 -0.216997
0.140000 0.983850 -0.230208
0.150000 0.981548 -0.242979
0.160000 0.979118 -0.255320
0.170000 0.976565 -0.267243
0.180000 0.973892 -0.278757
0.190000 0.971105 -0.289872
0.200000 0.968206 -0.300598
0.210000 0.965200 -0.310944
0.220000 0.962090 -0.320920
0.230000 0.958881 -0.330534
0.240000 0.955576 -0.339796
0.250000 0.952178 -0.348713
0.260000 0.948691 -0.357295
0.270000 0.945118 -0.365550
0.280000 0.941462 -0.373486
0.290000 0.937728 -0.381111
0.300000 0.933916 -0.388432
0.310000 0.930032 -0.395457
0.320000 0.926078 -0.402194
0.330000 0.922056 -0.408650
0.340000 0.917969 -0.414832
0.350000 0.913821 -0.420746
0.360000 0.909613 -0.426400
0.370000 0.905349 -0.431800
0.380000 0.901031 -0.436953
0.390000 0.896662 -0.441865
0.400000 0.892243 -0.446543
0.410000 0.887778 -0.450991
0.420000 0.883268 -0.455217
0.430000 0.878716 -0.459226
0.440000 0.874123 -0.463023
0.450000 0.869493 -0.466615
0.460000 0.864827 -0.470007
0.470000 0.860127 -0.473203
0.480000 0.855395 -0.476209
0.490000 0.850633 -0.479031
0.500000 0.845842 -0.481673
0.510000 0.841026 -0.484139
0.520000 0.836184 -0.486436
0.530000 0.831320 -0.488566
0.540000 0.826434 -0.490536
0.550000 0.821529 -0.492348
0.560000 0.816605 -0.494009
0.570000 0.811665 -0.495520
0.580000 0.806710 -0.496888
0.590000 0.801741 -0.498116
0.600000 0.796760 -0.499207
0.610000 0.791768 -0.500166
0.620000 0.786766 -0.500996
0.630000 0.781756 -0.501702
0.640000 0.776739 -0.502286
0.650000 0.771717 -0.502752
0.660000 0.766689 -0.503104
0.670000 0.761658 -0.503345
0.680000 0.756625 -0.503477
0.690000 0.751590 -0.503506
0.700000 0.746555 -0.503432
0.710000 0.741520 -0.503260
0.720000 0.736488 -0.502993
0.730000 0.731458 -0.502633
0.740000 0.726432 -0.502183
0.750000 0.721410 -0.501646
0.760000 0.716393 -0.501025
0.770000 0.711383 -0.500322
0.780000 0.706380 -0.499540
0.790000 0.701384 -0.498681
0.800000 0.696398 -0.497749
0.810000 0.691420 -0.496744
0.820000 0.686453 -0.495670
0.830000 0.681496 -0.494529
0.840000 0.676551 -0.493323
0.850000 0.671617 -0.492055
0.860000 0.666697 -0.490725
0.870000 0.661790 -0.489337
0.880000 0.656896 -0.487893
0.890000 0.652017 -0.486394
0.900000 0.647153 -0.484843
0.910000 0.642305 -0.483241
0.920000 0.637473 -0.481589
0.930000 0.632657 -0.479891
0.940000 0.627858 -0.478148
0.950000 0.623076 -0.476360
0.960000 0.618313 -0.474531
0.970000 0.613567 -0.472661
0.980000 0.608841 -0.470753
0.990000 0.604133 -0.468807
1.000000 0.599445 -0.466826
1.010000 0.594777 -0.464810
1.020000 0.590129 -0.462761
1.030000 0.585501 -0.460681
1.040000 0.580894 -0.458570
1.050000 0.576309 -0.456431
1.060000 0.571744 -0.454264
1.070000 0.567202 -0.452071
1.080000 0.562681 -0.449853
1.090000 0.558182 -0.447611
1.100000 0.553706 -0.445347
1.110000 0.549253 -0.443060
1.120000 0.544822 -0.440753
1.130000 0.540415 -0.438427
1.140000 0.536030 -0.436083
1.150000 0.531670 -0.433721
1.160000 0.527332 -0.431343
1.170000 0.523019 -0.428949
1.180000 0.518730 -0.426541
1.190000 0.514464 -0.424119
1.200000 0.510223 -0.421685
1.210000 0.506006 -0.419239
1.220000 0.501814 -0.416782
1.230000 0.497646 -0.414315
1.240000 0.493503 -0.411838
1.250000 0.489384 -0.409353
1.260000 0.485291 -0.406860
1.270000 0.481222 -0.404360
1.280000 0.477179 -0.401854
1.290000 0.473160 -0.399342
1.300000 0.469167 -0.396825
1.310000 0.465198 -0.394303
1.320000 0.461255 -0.391778
1.330000 0.457338 -0.389250
1.340000 0.453445 -0.386719
1.350000 0.449578 -0.384187
1.360000 0.445736 -0.381653
1.370000 0.441919 -0.379118
1.380000 0.438128 -0.376583
1.390000 0.434362 -0.374048
1.400000 0.430622 -0.371513
1.410000 0.426907 -0.368980
1.420000 0.423217 -0.366449
1.430000 0.419553 -0.363920
1.440000 0.415913 -0.361393
1.450000 0.412299 -0.358870
1.460000 0.408711 -0.356350
1.470000 0.405147 -0.353834
1.480000 0.401609 -0.351322
1.490000 0.398096 -0.348814
1.500000 0.394608 -0.346312
1.510000 0.391144 -0.343814
1.520000 0.387706 -0.341323
1.530000 0.384293 -0.338837
1.540000 0.380905 -0.336358
1.550000 0.377541 -0.333885
1.560000 0.374202 -0.331420
1.570000 0.370888 -0.328961
1.580000 0.367598 -0.326510
1.590000 0.364333 -0.324067
1.600000 0.361093 -0.321631
1.610000 0.357876 -0.319204
1.620000 0.354684 -0.316786
1.630000 0.351516 -0.314376
1.640000 0.348373 -0.311975
1.650000 0.345253 -0.309583
1.660000 0.342157 -0.307201
1.670000 0.339085 -0.304828
1.680000 0.336037 -0.302465
1.690000 0.333012 -0.300111
1.700000 0.330011 -0.297768
1.710000 0.327033 -0.295435
1.720000 0.324079 -0.293113
1.730000 0.321148 -0.290801
1.740000 0.318240 -0.288500
1.750000 0.315355 -0.286210
1.760000 0.312493 -0.283931
1.770000 0.309654 -0.281663
1.780000 0.306837 -0.279406
1.790000 0.304043 -0.277160
1.800000 0.301271 -0.274926
1.810000 0.298522 -0.272704
1.820000 0.295795 -0.270493
1.830000 0.293090 -0.268295
1.840000 0.290407 -0.266107
1.850000 0.287746 -0.263932
1.860000 0.285107 -0.261769
1.870000 0.282489 -0.259618
1.880000 0.279893 -0.257480
1.890000 0.277318 -0.255353
1.900000 0.274764 -0.253239
1.910000 0.272232 -0.251137
1.920000 0.269721 -0.249048
1.930000 0.267230 -0.246971
1.940000 0.264760 -0.244906
1.950000 0.262311 -0.242854
1.960000 0.259883 -0.240815
1.970000 0.257475 -0.238788
1.980000 0.255087 -0.236774
1.990000 0.252719 -0.234772
2.000000 0.250371 -0.232783
2.010000 0.248044 -0.230807
2.020000 0.245735 -0.228844
2.030000 0.243447 -0.226893
2.040000 0.241178 -0.224956
2.050000 0.238929 -0.223030
2.060000 0.236698 -0.221118
2.070000 0.234487 -0.219219
2.080000 0.232295 -0.217332
2.090000 0.230122 -0.215458
2.100000 0.227967 -0.213596
2.110000 0.225831 -0.211748
2.120000 0.223714 -0.209912
2.130000 0.221614 -0.208089
2.140000 0.219534 -0.206279
2.150000 0.217471 -0.204481
2.160000 0.215426 -0.202696
2.170000 0.213399 -0.200923
2.180000 0.211390 -0.199164
2.190000 0.209398 -0.197417
2.200000 0.207424 -0.195682
2.210000 0.205467 -0.193960
2.220000 0.203528 -0.192251
2.230000 0.201605 -0.190554
2.240000 0.199699 -0.188869
2.250000 0.197811 -0.187197
2.260000 0.195939 -0.185537
2.270000 0.194083 -0.183890
2.280000 0.192245 -0.182255
2.290000 0.190422 -0.180632
2.300000 0.188616 -0.179022
2.310000 0.186825 -0.177423
2.320000 0.185051 -0.175837
2.330000 0.183293 -0.174263
2.340000 0.181550 -0.172701
2.350000 0.179823 -0.171151
2.360000 0.178112 -0.169613
2.370000 0.176416 -0.168087
2.380000 0.174735 -0.166573
2.390000 0.173069 -0.165070
2.400000 0.171418 -0.163579
2.410000 0.169782 -0.162100
2.420000 0.168161 -0.160633
2.430000 0.166555 -0.159177
2.440000 0.164963 -0.157733
2.450000 0.163386 -0.156300
2.460000 0.161823 -0.154879
2.470000 0.160274 -0.153469
2.480000 0.158740 -0.152070
2.490000 0.157219 -0.150683
2.500000 0.155712 -0.149307
2.510000 0.154219 -0.147942
2.520000 0.152740 -0.146588
2.530000 0.151274 -0.145245
2.540000 0.149821 -0.143913
2.550000 0.148382 -0.142592
2.560000 0.146956 -0.141282
2.570000 0.145543 -0.139983
2.580000 0.144143 -0.138694
2.590000 0.142757 -0.137416
2.600000 0.141382 -0.136149
2.610000 0.140021 -0.134892
2.620000 0.138672 -0.133646
2.630000 0.137336 -0.132410
2.640000 0.136011 -0.131184
2.650000 0.134700 -0.129969
2.660000 0.133400 -0.128764
2.670000 0.132112 -0.127569
2.680000 0.130837 -0.126384
2.690000 0.129573 -0.125209
2.700000 0.128321 -0.124045
2.710000 0.127080 -0.122890
2.720000 0.125851 -0.121745
2.730000 0.124634 -0.120609
2.740000 0.123428 -0.119484
2.750000 0.122233 -0.118368
2.760000 0.121049 -0.117261
2.770000 0.119877 -0.116164
2.780000 0.118715 -0.115077
2.790000 0.117564 -0.113999
2.800000 0.116424 -0.112930
2.810000 0.115295 -0.111871
2.820000 0.114176 -0.110821
2.830000 0.113068 -0.109780
2.840000 0.111970 -0.108748
2.850000 0.110883 -0.107725
2.860000 0.109805 -0.106710
2.870000 0.108738 -0.105705
2.880000 0.107681 -0.104709
2.890000 0.106634 -0.103721
2.900000 0.105597 -0.102742
2.910000 0.104570 -0.101772
2.920000 0.103552 -0.100810
2.930000 0.102544 -0.099857
2.940000 0.101545 -0.098912
2.950000 0.100556 -0.097976
2.960000 0.099576 -0.097047
2.970000 0.098606 -0.096128
2.980000 0.097645 -0.095216
2.990000 0.096692 -0.094312
3.000000 0.095749 -0.093417
3.010000 0.094815 -0.092529
3.020000 0.093890 -0.091650
3.030000 0.092973 -0.090778
3.040000 0.092066 -0.089914
3.050000 0.091166 -0.089058
3.060000 0.090276 -0.088210
3.070000 0.089394 -0.087369
3.080000 0.088520 -0.086536
3.090000 0.087655 -0.085710
3.100000 0.086798 -0.084892
3.110000 0.085949 -0.084081
3.120000 0.085108 -0.083278
3.130000 0.084275 -0.082481
3.140000 0.083450 -0.081692
3.150000 0.082633 -0.080911
3.160000 0.081824 -0.080136
3.170000 0.081023 -0.079368
3.180000 0.080229 -0.078608
3.190000 0.079443 -0.077854
3.200000 0.078665 -0.077107
3.210000 0.077894 -0.076367
3.220000 0.077130 -0.075634
3.230000 0.076373 -0.074908
3.240000 0.075624 -0.074188
3.250000 0.074883 -0.073475
3.260000 0.074148 -0.072768
3.270000 0.073420 -0.072068
3.280000 0.072699 -0.071375
3.290000 0.071986 -0.070687
3.300000 0.071279 -0.070006
3.310000 0.070579 -0.069332
3.320000 0.069885 -0.068663
3.330000 0.069199 -0.068001
3.340000 0.068519 -0.067345
3.350000 0.067845 -0.066695
3.360000 0.067178 -0.066051
3.370000 0.066518 -0.065413
3.380000 0.065864 -0.064781
3.390000 0.065216 -0.064155
3.400000 0.064574 -0.063535
3.410000 0.063939 -0.062920
3.420000 0.063310 -0.062311
3.430000 0.062687 -0.061708
3.440000 0.062070 -0.061111
3.450000 0.061458 -0.060519
3.460000 0.060853 -0.059932
3.470000 0.060254 -0.059351
3.480000 0.059660 -0.058776
3.490000 0.059073 -0.058206
3.500000 0.058491 -0.057641
3.510000 0.057914 -0.057082
3.520000 0.057343 -0.056528
3.530000 0.056778 -0.055979
3.540000 0.056218 -0.055435
3.550000 0.055664 -0.054896
3.560000 0.055115 -0.054363
3.570000 0.054571 -0.053834
3.580000 0.054033 -0.053310
3.590000 0.053500 -0.052792
3.600000 0.052972 -0.052278
3.610000 0.052449 -0.051769
3.620000 0.051932 -0.051265
3.630000 0.051419 -0.050766
3.640000 0.050911 -0.050271
3.650000 0.050409 -0.049781
3.660000 0.049911 -0.049296
3.670000 0.049418 -0.048815
3.680000 0.048930 -0.048339
3.690000 0.048446 -0.047868
3.700000 0.047968 -0.047400
3.710000 0.047494 -0.046938
3.720000 0.047024 -0.046480
3.730000 0.046559 -0.046026
3.740000 0.046099 -0.045576
3.750000 0.045643 -0.045131
3.760000 0.045192 -0.044690
3.770000 0.044745 -0.044253
3.780000 0.044303 -0.043820
3.790000 0.043864 -0.043392
3.800000 0.043431 -0.042967
3.810000 0.043001 -0.042547
3.820000 0.042575 -0.042130
3.830000 0.042154 -0.041718
3.840000 0.041737 -0.041310
3.850000 0.041324 -0.040905
3.860000 0.040915 -0.040504
3.870000 0.040510 -0.040107
3.880000 0.040109 -0.039714
3.890000 0.039711 -0.039325
3.900000 0.039318 -0.038940
3.910000 0.038929 -0.038558
3.920000 0.038543 -0.038180
3.930000 0.038161 -0.037805
3.940000 0.037783 -0.037434
3.950000 0.037409 -0.037067
3.960000 0.037038 -0.036703
3.970000 0.036671 -0.036343
3.980000 0.036308 -0.035986
3.990000 0.035948 -0.035632
4.000000 0.035592 -0.035282
4.010000 0.035239 -0.034936
4.020000 0.034890 -0.034593
4.030000 0.034544 -0.034253
4.040000 0.034201 -0.033916
4.050000 0.033862 -0.033582
4.060000 0.033526 -0.033252
4.070000 0.033194 -0.032925
4.080000 0.032864 -0.032601
4.090000 0.032538 -0.032280
4.100000 0.032216 -0.031963
4.110000 0.031896 -0.031648
4.120000 0.031579 -0.031337
4.130000 0.031266 -0.031028
4.140000 0.030956 -0.030723
4.150000 0.030649 -0.030420
4.160000 0.030344 -0.030120
4.170000 0.030043 -0.029824
4.180000 0.029745 -0.029530
4.190000 0.029450 -0.029239
4.200000 0.029157 -0.028951
4.210000 0.028868 -0.028665
4.220000 0.028581 -0.028383
4.230000 0.028297 -0.028103
4.240000 0.028016 -0.027826
4.250000 0.027738 -0.027551
4.260000 0.027462 -0.027280
4.270000 0.027190 -0.027010
4.280000 0.026920 -0.026744
4.290000 0.026652 -0.026480
4.300000 0.026387 -0.026219
4.310000 0.026125 -0.025960
4.320000 0.025866 -0.025703
4.330000 0.025609 -0.025450
4.340000 0.025354 -0.025198
4.350000 0.025102 -0.024949
4.360000 0.024853 -0.024703
4.370000 0.024605 -0.024459
4.380000 0.024361 -0.024217
4.390000 0.024119 -0.023978
4.400000 0.023879 -0.023741
4.410000 0.023642 -0.023506
4.420000 0.023406 -0.023274
4.430000 0.023174 -0.023044
4.440000 0.022943 -0.022816
4.450000 0.022715 -0.022591
4.460000 0.022489 -0.022367
4.470000 0.022266 -0.022146
4.480000 0.022044 -0.021927
4.490000 0.021825 -0.021710
4.500000 0.021608 -0.021495
4.510000 0.021393 -0.021282
4.520000 0.021180 -0.021072
4.530000 0.020969 -0.020863
4.540000 0.020761 -0.020657
4.550000 0.020554 -0.020452
4.560000 0.020350 -0.020250
4.570000 0.020147 -0.020049
4.580000 0.019947 -0.019851
4.590000 0.019748 -0.019654
4.600000 0.019551 -0.019459
4.610000 0.019357 -0.019267
4.620000 0.019164 -0.019076
4.630000 0.018973 -0.018887
4.640000 0.018785 -0.018700
4.650000 0.018598 -0.018514
4.660000 0.018412 -0.018331
4.670000 0.018229 -0.018149
4.680000 0.018048 -0.017969
4.690000 0.017868 -0.017791
4.700000 0.017690 -0.017615
4.710000 0.017514 -0.017440
4.720000 0.017339 -0.017267
4.730000 0.017167 -0.017096
4.740000 0.016996 -0.016926
4.750000 0.016827 -0.016759
4.760000 0.016659 -0.016592
4.770000 0.016493 -0.016428
4.780000 0.016329 -0.016265
4.790000 0.016166 -0.016103
4.800000 0.016005 -0.015944
4.810000 0.015846 -0.015785
4.820000 0.015688 -0.015629
4.830000 0.015532 -0.015474
4.840000 0.015377 -0.015320
4.850000 0.015224 -0.015168
4.860000 0.015072 -0.015017
4.870000 0.014922 -0.014868
4.880000 0.014773 -0.014721
4.890000 0.014626 -0.014575
4.900000 0.014480 -0.014430
4.910000 0.014336 -0.014287
4.920000 0.014193 -0.014145
4.930000 0.014052 -0.014004
4.940000 0.013911 -0.013865
4.950000 0.013773 -0.013727
4.960000 0.013636 -0.013591
4.970000 0.013500 -0.013456
4.980000 0.013365 -0.013322
4.990000 0.013232 -0.013190
5.000000 0.013100 -0.013059
5.010000 0.012969 -0.012929
5.020000 0.012840 -0.012801
5.030000 0.012712 -0.012673
5.040000 0.012585 -0.012547
5.050000 0.012460 -0.012423
5.060000 0.012336 -0.012299
5.070000 0.012213 -0.012177
5.080000 0.012091 -0.012056
5.090000 0.011970 -0.011936
5.100000 0.011851 -0.011817
5.110000 0.011733 -0.011700
5.120000 0.011616 -0.011584
5.130000 0.011500 -0.011468
5.140000 0.011385 -0.011354
5.150000 0.011272 -0.011241
5.160000 0.011159 -0.011130
5.170000 0.011048 -0.011019
5.180000 0.010938 -0.010909
5.190000 0.010829 -0.010801
5.200000 0.010721 -0.010693
5.210000 0.010614 -0.010587
5.220000 0.010508 -0.010482
5.230000 0.010403 -0.010377
5.240000 0.010299 -0.010274
5.250000 0.010197 -0.010172
5.260000 0.010095 -0.010071
5.270000 0.009994 -0.009970
5.280000 0.009894 -0.009871
5.290000 0.009796 -0.009773
5.300000 0.009698 -0.009676
5.310000 0.009601 -0.009579
5.320000 0.009505 -0.009484
5.330000 0.009411 -0.009390
5.340000 0.009317 -0.009296
5.350000 0.009224 -0.009204
5.360000 0.009132 -0.009112
5.370000 0.009041 -0.009021
5.380000 0.008950 -0.008931
5.390000 0.008861 -0.008842
5.400000 0.008773 -0.008754
5.410000 0.008685 -0.008667
5.420000 0.008598 -0.008581
5.430000 0.008513 -0.008495
5.440000 0.008428 -0.008411
5.450000 0.008344 -0.008327
5.460000 0.008260 -0.008244
5.470000 0.008178 -0.008162
5.480000 0.008096 -0.008081
5.490000 0.008015 -0.008000
5.500000 0.007935 -0.007920
5.510000 0.007856 -0.007842
5.520000 0.007778 -0.007763
5.530000 0.007700 -0.007686
5.540000 0.007623 -0.007610
5.550000 0.007547 -0.007534
5.560000 0.007472 -0.007459
5.570000 0.007397 -0.007384
5.580000 0.007323 -0.007311
5.590000 0.007250 -0.007238
5.600000 0.007178 -0.007166
5.610000 0.007106 -0.007094
5.620000 0.007035 -0.007024
5.630000 0.006965 -0.006954
5.640000 0.006896 -0.006884
5.650000 0.006827 -0.006816
5.660000 0.006759 -0.006748
5.670000 0.006691 -0.006681
5.680000 0.006624 -0.006614
5.690000 0.006558 -0.006548
5.700000 0.006493 -0.006483
5.710000 0.006428 -0.006418
5.720000 0.006364 -0.006354
5.730000 0.006300 -0.006291
5.740000 0.006237 -0.006228
5.750000 0.006175 -0.006166
5.760000 0.006113 -0.006104
5.770000 0.006052 -0.006044
5.780000 0.005992 -0.005983
5.790000 0.005932 -0.005924
5.800000 0.005873 -0.005865
5.810000 0.005814 -0.005806
5.820000 0.005756 -0.005748
5.830000 0.005699 -0.005691
5.840000 0.005642 -0.005634
5.850000 0.005585 -0.005578
5.860000 0.005530 -0.005522
5.870000 0.005474 -0.005467
5.880000 0.005420 -0.005413
5.890000 0.005365 -0.005359
5.900000 0.005312 -0.005305
5.910000 0.005259 -0.005252
5.920000 0.005206 -0.005200
5.930000 0.005154 -0.005148
5.940000 0.005103 -0.005097
5.950000 0.005052 -0.005046
5.960000 0.005001 -0.004996
5.970000 0.004951 -0.004946
5.980000 0.004902 -0.004896
5.990000 0.004853 -0.004848
6.000000 0.004805 -0.004799
6.010000 0.004757 -0.004751
6.020000 0.004709 -0.004704
6.030000 0.004662 -0.004657
6.040000 0.004615 -0.004610
6.050000 0.004569 -0.004564
6.060000 0.004524 -0.004519
6.070000 0.004479 -0.004474
6.080000 0.004434 -0.004429
6.090000 0.004389 -0.004385
6.100000 0.004346 -0.004341
6.110000 0.004302 -0.004298
6.120000 0.004259 -0.004255
6.130000 0.004217 -0.004213
6.140000 0.004175 -0.004170
6.150000 0.004133 -0.004129
6.160000 0.004092 -0.004088
6.170000 0.004051 -0.004047
6.180000 0.004010 -0.004006
6.190000 0.003970 -0.003966
6.200000 0.003931 -0.003927
6.210000 0.003891 -0.003888
6.220000 0.003852 -0.003849
6.230000 0.003814 -0.003810
6.240000 0.003776 -0.003772
6.250000 0.003738 -0.003735
6.260000 0.003701 -0.003697
6.270000 0.003664 -0.003661
6.280000 0.003627 -0.003624
6.290000 0.003591 -0.003588
6.300000 0.003555 -0.003552
6.310000 0.003519 -0.003517
6.320000 0.003484 -0.003481
6.330000 0.003450 -0.003447
6.340000 0.003415 -0.003412
6.350000 0.003381 -0.003378
6.360000 0.003347 -0.003345
6.370000 0.003314 -0.003311
6.380000 0.003281 -0.003278
6.390000 0.003248 -0.003245
6.400000 0.003215 -0.003213
6.410000 0.003183 -0.003181
6.420000 0.003151 -0.003149
6.430000 0.003120 -0.003118
6.440000 0.003089 -0.003087
6.450000 0.003058 -0.003056
6.460000 0.003027 -0.003025
6.470000 0.002997 -0.002995
6.480000 0.002967 -0.002965
6.490000 0.002937 -0.002935
6.500000 0.002908 -0.002906
6.510000 0.002879 -0.002877
6.520000 0.002850 -0.002848
6.530000 0.002822 -0.002820
6.540000 0.002794 -0.002792
6.550000 0.002766 -0.002764
6.560000 0.002738 -0.002736
6.570000 0.002711 -0.002709
6.580000 0.002684 -0.002682
6.590000 0.002657 -0.002655
6.600000 0.002630 -0.002629
6.610000 0.002604 -0.002602
6.620000 0.002578 -0.002576
6.630000 0.002552 -0.002551
6.640000 0.002527 -0.002525
6.650000 0.002501 -0.002500
6.660000 0.002476 -0.002475
6.670000 0.002452 -0.002450
6.680000 0.002427 -0.002426
6.690000 0.002403 -0.002402
6.700000 0.002379 -0.002378
6.710000 0.002355 -0.002354
6.720000 0.002332 -0.002330
6.730000 0.002308 -0.002307
6.740000 0.002285 -0.002284
6.750000 0.002262 -0.002261
6.760000 0.002240 -0.002239
6.770000 0.002217 -0.002216
6.780000 0.002195 -0.002194
6.790000 0.002173 -0.002172
6.800000 0.002152 -0.002150
6.810000 0.002130 -0.002129
6.820000 0.002109 -0.002108
6.830000 0.002088 -0.002087
6.840000 0.002067 -0.002066
6.850000 0.002046 -0.002045
6.860000 0.002026 -0.002025
6.870000 0.002005 -0.002004
6.880000 0.001985 -0.001984
6.890000 0.001966 -0.001965
6.900000 0.001946 -0.001945
6.910000 0.001926 -0.001926
6.920000 0.001907 -0.001906
6.930000 0.001888 -0.001887
6.940000 0.001869 -0.001868
6.950000 0.001851 -0.001850
6.960000 0.001832 -0.001831
6.970000 0.001814 -0.001813
6.980000 0.001796 -0.001795
6.990000 0.001778 -0.001777
7.000000 0.001760 -0.001759
7.010000 0.001742 -0.001742
7.020000 0.001725 -0.001724
7.030000 0.001708 -0.001707
7.040000 0.001691 -0.001690
7.050000 0.001674 -0.001673
7.060000 0.001657 -0.001656
7.070000 0.001640 -0.001640
7.080000 0.001624 -0.001623
7.090000 0.001608 -0.001607
7.100000 0.001592 -0.001591
7.110000 0.001576 -0.001575
7.120000 0.001560 -0.001559
7.130000 0.001544 -0.001544
7.140000 0.001529 -0.001528
7.150000 0.001514 -0.001513
7.160000 0.001499 -0.001498
7.170000 0.001484 -0.001483
7.180000 0.001469 -0.001468
7.190000 0.001454 -0.001454
7.200000 0.001440 -0.001439
7.210000 0.001425 -0.001425
7.220000 0.001411 -0.001410
7.230000 0.001397 -0.001396
7.240000 0.001383 -0.001382
7.250000 0.001369 -0.001369
7.260000 0.001355 -0.001355
7.270000 0.001342 -0.001341
7.280000 0.001328 -0.001328
7.290000 0.001315 -0.001315
7.300000 0.001302 -0.001302
7.310000 0.001289 -0.001289
7.320000 0.001276 -0.001276
7.330000 0.001263 -0.001263
7.340000 0.001251 -0.001250
7.350000 0.001238 -0.001238
7.360000 0.001226 -0.001225
7.370000 0.001214 -0.001213
7.380000 0.001201 -0.001201
7.390000 0.001189 -0.001189
7.400000 0.001177 -0.001177
7.410000 0.001166 -0.001165
7.420000 0.001154 -0.001154
7.430000 0.001143 -0.001142
7.440000 0.001131 -0.001131
7.450000 0.001120 -0.001120
7.460000 0.001109 -0.001108
7.470000 0.001098 -0.001097
7.480000 0.001087 -0.001086
7.490000 0.001076 -0.001075
7.500000 0.001065 -0.001065
7.510000 0.001054 -0.001054
7.520000 0.001044 -0.001043
7.530000 0.001033 -0.001033
7.540000 0.001023 -0.001023
7.550000 0.001013 -0.001013
7.560000 0.001003 -0.001002
7.570000 0.000993 -0.000992
7.580000 0.000983 -0.000982
7.590000 0.000973 -0.000973
7.600000 0.000963 -0.000963
7.610000 0.000953 -0.000953
7.620000 0.000944 -0.000944
7.630000 0.000935 -0.000934
7.640000 0.000925 -0.000925
7.650000 0.000916 -0.000916
7.660000 0.000907 -0.000907
7.670000 0.000898 -0.000898
7.680000 0.000889 -0.000889
7.690000 0.000880 -0.000880
7.700000 0.000871 -0.000871
7.710000 0.000862 -0.000862
7.720000 0.000854 -0.000854
7.730000 0.000845 -0.000845
7.740000 0.000837 -0.000837
7.750000 0.000828 -0.000828
7.760000 0.000820 -0.000820
7.770000 0.000812 -0.000812
7.780000 0.000804 -0.000804
7.790000 0.000796 -0.000796
7.800000 0.000788 -0.000788
7.810000 0.000780 -0.000780
7.820000 0.000772 -0.000772
7.830000 0.000764 -0.000764
7.840000 0.000757 -0.000757
7.850000 0.000749 -0.000749
7.860000 0.000742 -0.000742
7.870000 0.000734 -0.000734
7.880000 0.000727 -0.000727
7.890000 0.000720 -0.000720
7.900000 0.000712 -0.000712
7.910000 0.000705 -0.000705
7.920000 0.000698 -0.000698
7.930000 0.000691 -0.000691
7.940000 0.000684 -0.000684
7.950000 0.000678 -0.000677
7.960000 0.000671 -0.000671
7.970000 0.000664 -0.000664
7.980000 0.000657 -0.000657
7.990000 0.000651 -0.000651
8.000000 0.000644 -0.000644
8.010000 0.000638 -0.000638
8.020000 0.000632 -0.000631
8.030000 0.000625 -0.000625
8.040000 0.000619 -0.000619
8.050000 0.000613 -0.000613
8.060000 0.000607 -0.000607
8.070000 0.000601 -0.000600
8.080000 0.000595 -0.000594
8.090000 0.000589 -0.000589
8.100000 0.000583 -0.000583
8.110000 0.000577 -0.000577
8.120000 0.000571 -0.000571
8.130000 0.000565 -0.000565
8.140000 0.000560 -0.000560
8.150000 0.000554 -0.000554
8.160000 0.000549 -0.000549
8.170000 0.000543 -0.000543
8.180000 0.000538 -0.000538
8.190000 0.000532 -0.000532
8.200000 0.000527 -0.000527
8.210000 0.000522 -0.000522
8.220000 0.000517 -0.000516
8.230000 0.000511 -0.000511
8.240000 0.000506 -0.000506
8.250000 0.000501 -0.000501
8.260000 0.000496 -0.000496
8.270000 0.000491 -0.000491
8.280000 0.000486 -0.000486
8.290000 0.000481 -0.000481
8.300000 0.000477 -0.000477
8.310000 0.000472 -0.000472
8.320000 0.000467 -0.000467
8.330000 0.000462 -0.000462
8.340000 0.000458 -0.000458
8.350000 0.000453 -0.000453
8.360000 0.000449 -0.000449
8.370000 0.000444 -0.000444
8.380000 0.000440 -0.000440
8.390000 0.000435 -0.000435
8.400000 0.000431 -0.000431
8.410000 0.000427 -0.000427
8.420000 0.000422 -0.000422
8.430000 0.000418 -0.000418
8.440000 0.000414 -0.000414
8.450000 0.000410 -0.000410
8.460000 0.000406 -0.000406
8.470000 0.000402 -0.000402
8.480000 0.000398 -0.000398
8.490000 0.000394 -0.000394
8.500000 0.000390 -0.000390
8.510000 0.000386 -0.000386
8.520000 0.000382 -0.000382
8.530000 0.000378 -0.000378
8.540000 0.000374 -0.000374
8.550000 0.000371 -0.000371
8.560000 0.000367 -0.000367
8.570000 0.000363 -0.000363
8.580000 0.000360 -0.000360
8.590000 0.000356 -0.000356
8.600000 0.000353 -0.000353
8.610000 0.000349 -0.000349
8.620000 0.000346 -0.000346
8.630000 0.000342 -0.000342
8.640000 0.000339 -0.000339
8.650000 0.000335 -0.000335
8.660000 0.000332 -0.000332
8.670000 0.000329 -0.000329
8.680000 0.000325 -0.000325
8.690000 0.000322 -0.000322
8.700000 0.000319 -0.000319
8.710000 0.000316 -0.000316
8.720000 0.000313 -0.000313
8.730000 0.000309 -0.000309
8.740000 0.000306 -0.000306
8.750000 0.000303 -0.000303
8.760000 0.000300 -0.000300
8.770000 0.000297 -0.000297
8.780000 0.000294 -0.000294
8.790000 0.000291 -0.000291
8.800000 0.000288 -0.000288
8.810000 0.000286 -0.000285
8.820000 0.000283 -0.000283
8.830000 0.000280 -0.000280
8.840000 0.000277 -0.000277
8.850000 0.000274 -0.000274
8.860000 0.000272 -0.000271
8.870000 0.000269 -0.000269
8.880000 0.000266 -0.000266
8.890000 0.000263 -0.000263
8.900000 0.000261 -0.000261
8.910000 0.000258 -0.000258
8.920000 0.000256 -0.000256
8.930000 0.000253 -0.000253
8.940000 0.000251 -0.000251
8.950000 0.000248 -0.000248
8.960000 0.000246 -0.000246
8.970000 0.000243 -0.000243
8.980000 0.000241 -0.000241
8.990000 0.000238 -0.000238
9.000000 0.000236 -0.000236
9.010000 0.000234 -0.000234
9.020000 0.000231 -0.000231
9.030000 0.000229 -0.000229
9.040000 0.000227 -0.000227
9.050000 0.000224 -0.000224
9.060000 0.000222 -0.000222
9.070000 0.000220 -0.000220
9.080000 0.000218 -0.000218
9.090000 0.000215 -0.000215
9.100000 0.000213 -0.000213
9.110000 0.000211 -0.000211
9.120000 0.000209 -0.000209
9.130000 0.000207 -0.000207
9.140000 0.000205 -0.000205
9.150000 0.000203 -0.000203
9.160000 0.000201 -0.000201
9.170000 0.000199 -0.000199
9.180000 0.000197 -0.000197
9.190000 0.000195 -0.000195
9.200000 0.000193 -0.000193
9.210000 0.000191 -0.000191
9.220000 0.000189 -0.000189
9.230000 0.000187 -0.000187
9.240000 0.000185 -0.000185
9.250000 0.000183 -0.000183
9.260000 0.000182 -0.000182
9.270000 0.000180 -0.000180
9.280000 0.000178 -0.000178
9.290000 0.000176 -0.000176
9.300000 0.000174 -0.000174
9.310000 0.000173 -0.000173
9.320000 0.000171 -0.000171
9.330000 0.000169 -0.000169
9.340000 0.000168 -0.000168
9.350000 0.000166 -0.000166
9.360000 0.000164 -0.000164
9.370000 0.000163 -0.000163
9.380000 0.000161 -0.000161
9.390000 0.000159 -0.000159
9.400000 0.000158 -0.000158
9.410000 0.000156 -0.000156
9.420000 0.000155 -0.000155
9.430000 0.000153 -0.000153
9.440000 0.000152 -0.000152
9.450000 0.000150 -0.000150
9.460000 0.000149 -0.000149
9.470000 0.000147 -0.000147
9.480000 0.000146 -0.000146
9.490000 0.000144 -0.000144
9.500000 0.000143 -0.000143
9.510000 0.000141 -0.000141
9.520000 0.000140 -0.000140
9.530000 0.000138 -0.000138
9.540000 0.000137 -0.000137
9.550000 0.000136 -0.000136
9.560000 0.000134 -0.000134
9.570000 0.000133 -0.000133
9.580000 0.000132 -0.000132
9.590000 0.000130 -0.000130
9.600000 0.000129 -0.000129
9.610000 0.000128 -0.000128
9.620000 0.000126 -0.000126
9.630000 0.000125 -0.000125
9.640000 0.000124 -0.000124
9.650000 0.000123 -0.000123
9.660000 0.000122 -0.000122
9.670000 0.000120 -0.000120
9.680000 0.000119 -0.000119
9.690000 0.000118 -0.000118
9.700000 0.000117 -0.000117
9.710000 0.000116 -0.000116
9.720000 0.000114 -0.000114
9.730000 0.000113 -0.000113
9.740000 0.000112 -0.000112
9.750000 0.000111 -0.000111
9.760000 0.000110 -0.000110
9.770000 0.000109 -0.000109
9.780000 0.000108 -0.000108
9.790000 0.000107 -0.000107
9.800000 0.000106 -0.000106
9.810000 0.000105 -0.000105
9.820000 0.000103 -0.000103
9.830000 0.000102 -0.000102
9.840000 0.000101 -0.000101
9.850000 0.000100 -0.000100
9.860000 0.000099 -0.000099
9.870000 0.000098 -0.000098
9.880000 0.000097 -0.000097
9.890000 0.000096 -0.000096
9.900000 0.000095 -0.000095
9.910000 0.000095 -0.000095
9.920000 0.000094 -0.000094
9.930000 0.000093 -0.000093
9.940000 0.000092 -0.000092
9.950000 0.000091 -0.000091
9.960000 0.000090 -0.000090
9.970000 0.000089 -0.000089
9.980000 0.000088 -0.000088
9.990000 0.000087 -0.000087
